   704	-101 -125
   643	-101 -148
   705	-102 -125
   912	-48 -110
   911	-48 -111
   903	-49 -106
   904	-50 -106
   905	-50 -107
   900	-50 -108
   907	-50 -109
   908	-50 -110
   814	-78 -114
   812	-79 -115
   823	-79 -116
   824	-79 -117
   761	-79 -124
   762	-79 -125
   760	-80 -124
   763	-80 -125
   791	-81 -122
   759	-81 -124
   764	-81 -125
   807	-82 -117
   758	-82 -124
   765	-82 -125
   804	-83 -119
   756	-84 -124
   755	-84 -125
   745	-85 -128
   744	-86 -128
   614	-96 -126
   615	-96 -127
   616	-96 -128
   617	-96 -129
   618	-96 -130
   622	-96 -134
   212	-96 -14
   638	-98 -146
   637	-98 -147
   701	-99 -126
