     1	1 0
     2	2 0
     3	3 0
     4	4 0
     5	4 -1
     6	5 -1
     7	6 -1
     8	6 -2
     9	7 -2
    10	7 -1
    11	8 -1
    12	8 0
    13	8 1
    14	8 2
    15	8 3
    16	8 4
    17	9 4
    18	9 3
    19	9 2
    20	9 1
    21	9 0
    22	9 -1
    23	10 -1
    24	11 -1
    25	11 -2
    26	11 -3
    27	11 -4
    28	12 -4
    29	13 -4
    30	14 -4
    31	14 -3
    32	14 -2
    33	14 -1
    34	14 0
    35	15 0
    36	16 0
    37	17 0
    38	18 0
    39	18 -1
    40	18 -2
    41	18 -3
    42	18 -4
    43	17 -4
    44	16 -4
    45	15 -4
    46	15 -5
    47	15 -6
    48	15 -7
    49	15 -8
    50	15 -9
    51	16 -9
    52	16 -10
    53	16 -11
    54	16 -12
    55	16 -13
    56	16 -14
    57	15 -14
    58	14 -14
    59	13 -14
    60	13 -15
    61	13 -16
    62	13 -17
    63	13 -18
    64	12 -18
    65	12 -17
    66	12 -16
    67	12 -15
    68	12 -14
    69	12 -13
    70	11 -13
    71	11 -12
    72	11 -11
    73	11 -10
    74	10 -10
    75	9 -10
    76	9 -9
    77	9 -8
    78	9 -7
    79	10 -7
    80	10 -6
    81	10 -5
    82	10 -4
    83	10 -3
    84	9 -3
    85	9 -2
    86	8 -2
    87	8 -3
    88	8 -4
    89	8 -5
    90	8 -6
    91	8 -7
    92	7 -7
    93	7 -8
    94	7 -9
    95	6 -9
    96	5 -9
    97	5 -10
    98	5 -11
    99	5 -12
   100	6 -12
   101	7 -12
   102	8 -12
   103	9 -12
   104	10 -12
   105	10 -13
   106	9 -13
   107	8 -13
   108	7 -13
   109	6 -13
   110	5 -13
   111	5 -14
   112	4 -14
   113	3 -14
   114	2 -14
   115	1 -14
   116	0 -14
   117	-1 -14
   118	-2 -14
   119	-3 -14
   120	-4 -14
   121	-5 -14
   122	-6 -14
   123	-7 -14
   124	-8 -14
   125	-9 -14
   126	-10 -14
   127	-11 -14
   128	-12 -14
   129	-13 -14
   130	-14 -14
   131	-15 -14
   132	-16 -14
   133	-17 -14
   134	-18 -14
   135	-19 -14
   136	-20 -14
   137	-21 -14
   138	-22 -14
   139	-23 -14
   140	-24 -14
   141	-25 -14
   142	-26 -14
   143	-27 -14
   144	-28 -14
   145	-29 -14
   146	-30 -14
   147	-31 -14
   148	-32 -14
   149	-33 -14
   150	-34 -14
   151	-35 -14
   152	-36 -14
   153	-37 -14
   154	-38 -14
   155	-39 -14
   156	-40 -14
   157	-41 -14
   158	-42 -14
   159	-43 -14
   160	-44 -14
   161	-45 -14
   162	-46 -14
   163	-47 -14
   164	-48 -14
   165	-49 -14
   166	-50 -14
   167	-51 -14
   168	-52 -14
   169	-53 -14
   170	-54 -14
   171	-55 -14
   172	-56 -14
   173	-57 -14
   174	-58 -14
   175	-59 -14
   176	-60 -14
   177	-61 -14
   178	-62 -14
   179	-63 -14
   180	-64 -14
   181	-65 -14
   182	-66 -14
   183	-67 -14
   184	-68 -14
   185	-69 -14
   186	-70 -14
   187	-71 -14
   188	-72 -14
   189	-73 -14
   190	-74 -14
   191	-75 -14
   192	-76 -14
   193	-77 -14
   194	-78 -14
   195	-79 -14
   196	-80 -14
   197	-81 -14
   198	-82 -14
   199	-83 -14
   200	-84 -14
   201	-85 -14
   202	-86 -14
   203	-87 -14
   204	-88 -14
   205	-89 -14
   206	-90 -14
   207	-91 -14
   208	-92 -14
   209	-93 -14
   210	-94 -14
   211	-95 -14
   212	-96 -14
   213	-97 -14
   214	-98 -14
   215	-99 -14
   216	-100 -14
   217	-101 -14
   218	-102 -14
   219	-103 -14
   220	-104 -14
   221	-105 -14
   222	-106 -14
   223	-107 -14
   224	-108 -14
   225	-109 -14
   226	-110 -14
   227	-111 -14
   228	-112 -14
   229	-113 -14
   230	-114 -14
   231	-115 -14
   232	-116 -14
   233	-117 -14
   234	-118 -14
   235	-119 -14
   236	-120 -14
   237	-121 -14
   238	-122 -14
   239	-123 -14
   240	-124 -14
   241	-125 -14
   242	-126 -14
   243	-127 -14
   244	-128 -14
   245	-129 -14
   246	-130 -14
   247	-131 -14
   248	-132 -14
   249	-133 -14
   250	-134 -14
   251	-135 -14
   252	-136 -14
   253	-137 -14
   254	-138 -14
   255	-139 -14
   256	-140 -14
   257	-141 -14
   258	-142 -14
   259	-143 -14
   260	-144 -14
   261	-145 -14
   262	-146 -14
   263	-147 -14
   264	-148 -14
   265	-149 -14
   266	-150 -14
   267	-151 -14
   268	-152 -14
   269	-153 -14
   270	-154 -14
   271	-155 -14
   272	-156 -14
   273	-157 -14
   274	-158 -14
   275	-159 -14
   276	-160 -14
   277	-161 -14
   278	-162 -14
   279	-163 -14
   280	-164 -14
   281	-165 -14
   282	-166 -14
   283	-167 -14
   284	-168 -14
   285	-169 -14
   286	-170 -14
   287	-171 -14
   288	-172 -14
   289	-173 -14
   290	-174 -14
   291	-175 -14
   292	-176 -14
   293	-177 -14
   294	-178 -14
   295	-179 -14
   296	-180 -14
   297	-181 -14
   298	-182 -14
   299	-183 -14
   300	-183 -15
   301	-183 -16
   302	-183 -17
   303	-184 -17
   304	-185 -17
   305	-185 -16
   306	-185 -15
   307	-185 -14
   308	-185 -13
   309	-185 -12
   310	-185 -11
   311	-185 -10
   312	-185 -9
   313	-185 -8
   314	-185 -7
   315	-185 -6
   316	-185 -5
   317	-185 -4
   318	-185 -3
   319	-185 -2
   320	-185 -1
   321	-185 0
   322	-185 1
   323	-185 2
   324	-185 3
   325	-185 4
   326	-185 5
   327	-185 6
   328	-185 7
   329	-185 8
   330	-185 9
   331	-185 10
   332	-185 11
   333	-185 12
   334	-185 13
   335	-185 14
   336	-185 15
   337	-185 16
   338	-185 17
   339	-185 18
   340	-185 19
   341	-185 20
   342	-185 21
   343	-185 22
   344	-185 23
   345	-185 24
   346	-185 25
   347	-185 26
   348	-185 27
   349	-185 28
   350	-185 29
   351	-185 30
   352	-185 31
   353	-185 32
   354	-185 33
   355	-185 34
   356	-185 35
   357	-184 35
   358	-183 35
   359	-182 35
   360	-181 35
   361	-180 35
   362	-180 36
   363	-180 37
   364	-180 38
   365	-179 38
   366	-178 38
   367	-177 38
   368	-176 38
   369	-175 38
   370	-174 38
   371	-173 38
   372	-172 38
   373	-171 38
   374	-170 38
   375	-169 38
   376	-168 38
   377	-167 38
   378	-166 38
   379	-165 38
   380	-164 38
   381	-163 38
   382	-162 38
   383	-161 38
   384	-160 38
   385	-159 38
   386	-158 38
   387	-157 38
   388	-156 38
   389	-155 38
   390	-154 38
   391	-153 38
   392	-152 38
   393	-151 38
   394	-150 38
   395	-149 38
   396	-148 38
   397	-147 38
   398	-146 38
   399	-145 38
   400	-144 38
   401	-143 38
   402	-142 38
   403	-141 38
   404	-140 38
   405	-139 38
   406	-138 38
   407	-137 38
   408	-136 38
   409	-135 38
   410	-134 38
   411	-133 38
   412	-132 38
   413	-131 38
   414	-130 38
   415	-129 38
   416	-128 38
   417	-127 38
   418	-126 38
   419	-125 38
   420	-124 38
   421	-123 38
   422	-122 38
   423	-121 38
   424	-120 38
   425	-119 38
   426	-118 38
   427	-117 38
   428	-116 38
   429	-115 38
   430	-114 38
   431	-113 38
   432	-112 38
   433	-111 38
   434	-110 38
   435	-109 38
   436	-108 38
   437	-107 38
   438	-106 38
   439	-105 38
   440	-104 38
   441	-103 38
   442	-102 38
   443	-101 38
   444	-101 39
   445	-100 39
   446	-99 39
   447	-98 39
   448	-97 39
   449	-96 39
   450	-96 38
   451	-96 37
   452	-96 36
   453	-96 35
   454	-96 34
   455	-96 33
   456	-96 32
   457	-96 31
   458	-96 30
   459	-96 29
   460	-96 28
   461	-96 27
   462	-96 26
   463	-96 25
   464	-96 24
   465	-96 23
   466	-96 22
   467	-96 21
   468	-96 20
   469	-96 19
   470	-96 18
   471	-96 17
   472	-96 16
   473	-96 15
   474	-96 14
   475	-96 13
   476	-96 12
   477	-96 11
   478	-96 10
   479	-96 9
   480	-96 8
   481	-96 7
   482	-96 6
   483	-96 5
   484	-96 4
   485	-96 3
   486	-96 2
   487	-96 1
   488	-96 0
   489	-96 -1
   490	-96 -2
   491	-96 -3
   492	-96 -4
   493	-96 -5
   494	-96 -6
   495	-96 -7
   496	-96 -8
   497	-96 -9
   498	-96 -10
   499	-96 -11
   500	-96 -12
   501	-96 -13
   502	-96 -14
   503	-96 -15
   504	-96 -16
   505	-96 -17
   506	-96 -18
   507	-96 -19
   508	-96 -20
   509	-96 -21
   510	-96 -22
   511	-96 -23
   512	-96 -24
   513	-96 -25
   514	-96 -26
   515	-96 -27
   516	-96 -28
   517	-96 -29
   518	-96 -30
   519	-96 -31
   520	-96 -32
   521	-96 -33
   522	-96 -34
   523	-96 -35
   524	-96 -36
   525	-96 -37
   526	-96 -38
   527	-96 -39
   528	-96 -40
   529	-96 -41
   530	-96 -42
   531	-96 -43
   532	-96 -44
   533	-96 -45
   534	-96 -46
   535	-96 -47
   536	-96 -48
   537	-96 -49
   538	-96 -50
   539	-96 -51
   540	-96 -52
   541	-96 -53
   542	-96 -54
   543	-96 -55
   544	-96 -56
   545	-96 -57
   546	-96 -58
   547	-96 -59
   548	-96 -60
   549	-96 -61
   550	-96 -62
   551	-96 -63
   552	-96 -64
   553	-96 -65
   554	-96 -66
   555	-96 -67
   556	-96 -68
   557	-96 -69
   558	-96 -70
   559	-96 -71
   560	-96 -72
   561	-96 -73
   562	-96 -74
   563	-96 -75
   564	-96 -76
   565	-96 -77
   566	-96 -78
   567	-96 -79
   568	-96 -80
   569	-96 -81
   570	-96 -82
   571	-96 -83
   572	-96 -84
   573	-96 -85
   574	-96 -86
   575	-96 -87
   576	-96 -88
   577	-96 -89
   578	-96 -90
   579	-96 -91
   580	-96 -92
   581	-96 -93
   582	-96 -94
   583	-96 -95
   584	-96 -96
   585	-96 -97
   586	-96 -98
   587	-96 -99
   588	-96 -100
   589	-96 -101
   590	-96 -102
   591	-96 -103
   592	-96 -104
   593	-96 -105
   594	-96 -106
   595	-96 -107
   596	-96 -108
   597	-96 -109
   598	-96 -110
   599	-96 -111
   600	-96 -112
   601	-96 -113
   602	-96 -114
   603	-96 -115
   604	-96 -116
   605	-96 -117
   606	-96 -118
   607	-96 -119
   608	-96 -120
   609	-96 -121
   610	-96 -122
   611	-96 -123
   612	-96 -124
   613	-96 -125
   614	-96 -126
   615	-96 -127
   616	-96 -128
   617	-96 -129
   618	-96 -130
   619	-96 -131
   620	-96 -132
   621	-96 -133
   622	-96 -134
   623	-96 -135
   624	-96 -136
   625	-96 -137
   626	-96 -138
   627	-96 -139
   628	-96 -140
   629	-96 -141
   630	-96 -142
   631	-96 -143
   632	-96 -144
   633	-96 -145
   634	-96 -146
   635	-96 -147
   636	-97 -147
   637	-98 -147
   638	-98 -146
   639	-99 -146
   640	-100 -146
   641	-101 -146
   642	-101 -147
   643	-101 -148
   644	-101 -149
   645	-101 -150
   646	-101 -151
   647	-100 -151
   648	-99 -151
   649	-99 -152
   650	-99 -153
   651	-100 -153
   652	-101 -153
   653	-102 -153
   654	-103 -153
   655	-103 -152
   656	-103 -151
   657	-103 -150
   658	-103 -149
   659	-103 -148
   660	-102 -148
   661	-101 -148
   662	-100 -148
   663	-99 -148
   664	-98 -148
   665	-98 -147
   666	-98 -146
   667	-98 -145
   668	-98 -144
   669	-98 -143
   670	-99 -143
   671	-100 -143
   672	-101 -143
   673	-102 -143
   674	-102 -142
   675	-102 -141
   676	-102 -140
   677	-102 -139
   678	-102 -138
   679	-101 -138
   680	-100 -138
   681	-99 -138
   682	-99 -137
   683	-99 -136
   684	-99 -135
   685	-99 -134
   686	-98 -134
   687	-97 -134
   688	-96 -134
   689	-95 -134
   690	-95 -133
   691	-95 -132
   692	-95 -131
   693	-95 -130
   694	-96 -130
   695	-97 -130
   696	-98 -130
   697	-99 -130
   698	-99 -129
   699	-99 -128
   700	-99 -127
   701	-99 -126
   702	-99 -125
   703	-100 -125
   704	-101 -125
   705	-102 -125
   706	-103 -125
   707	-103 -126
   708	-103 -127
   709	-103 -128
   710	-102 -128
   711	-102 -127
   712	-102 -126
   713	-102 -125
   714	-102 -124
   715	-101 -124
   716	-101 -125
   717	-101 -126
   718	-100 -126
   719	-99 -126
   720	-98 -126
   721	-97 -126
   722	-96 -126
   723	-96 -127
   724	-96 -128
   725	-96 -129
   726	-95 -129
   727	-94 -129
   728	-93 -129
   729	-92 -129
   730	-92 -130
   731	-92 -131
   732	-92 -132
   733	-91 -132
   734	-90 -132
   735	-89 -132
   736	-89 -131
   737	-89 -130
   738	-89 -129
   739	-89 -128
   740	-89 -127
   741	-88 -127
   742	-88 -128
   743	-87 -128
   744	-86 -128
   745	-85 -128
   746	-85 -129
   747	-85 -130
   748	-86 -130
   749	-86 -129
   750	-86 -128
   751	-85 -128
   752	-84 -128
   753	-84 -127
   754	-84 -126
   755	-84 -125
   756	-84 -124
   757	-83 -124
   758	-82 -124
   759	-81 -124
   760	-80 -124
   761	-79 -124
   762	-79 -125
   763	-80 -125
   764	-81 -125
   765	-82 -125
   766	-82 -124
   767	-82 -123
   768	-83 -123
   769	-84 -123
   770	-84 -124
   771	-84 -125
   772	-83 -125
   773	-83 -126
   774	-83 -127
   775	-82 -127
   776	-82 -126
   777	-82 -125
   778	-82 -124
   779	-81 -124
   780	-80 -124
   781	-79 -124
   782	-78 -124
   783	-77 -124
   784	-77 -125
   785	-78 -125
   786	-79 -125
   787	-80 -125
   788	-81 -125
   789	-81 -124
   790	-81 -123
   791	-81 -122
   792	-81 -121
   793	-81 -120
   794	-80 -120
   795	-79 -120
   796	-79 -121
   797	-79 -122
   798	-80 -122
   799	-81 -122
   800	-82 -122
   801	-83 -122
   802	-83 -121
   803	-83 -120
   804	-83 -119
   805	-83 -118
   806	-82 -118
   807	-82 -117
   808	-82 -116
   809	-82 -115
   810	-81 -115
   811	-80 -115
   812	-79 -115
   813	-78 -115
   814	-78 -114
   815	-78 -113
   816	-77 -113
   817	-76 -113
   818	-76 -114
   819	-77 -114
   820	-78 -114
   821	-79 -114
   822	-79 -115
   823	-79 -116
   824	-79 -117
   825	-79 -118
   826	-79 -119
   827	-80 -119
   828	-81 -119
   829	-82 -119
   830	-83 -119
   831	-84 -119
   832	-84 -118
   833	-84 -117
   834	-83 -117
   835	-82 -117
   836	-81 -117
   837	-80 -117
   838	-79 -117
   839	-79 -116
   840	-78 -116
   841	-77 -116
   842	-77 -117
   843	-77 -118
   844	-77 -119
   845	-77 -120
   846	-76 -120
   847	-76 -121
   848	-76 -122
   849	-76 -123
   850	-76 -124
   851	-76 -125
   852	-75 -125
   853	-74 -125
   854	-73 -125
   855	-73 -124
   856	-73 -123
   857	-73 -122
   858	-72 -122
   859	-72 -121
   860	-72 -120
   861	-72 -119
   862	-72 -118
   863	-71 -118
   864	-70 -118
   865	-70 -117
   866	-70 -116
   867	-69 -116
   868	-69 -115
   869	-68 -115
   870	-67 -115
   871	-66 -115
   872	-65 -115
   873	-65 -116
   874	-65 -117
   875	-65 -118
   876	-64 -118
   877	-63 -118
   878	-63 -117
   879	-63 -116
   880	-63 -115
   881	-62 -115
   882	-61 -115
   883	-60 -115
   884	-60 -114
   885	-60 -113
   886	-59 -113
   887	-59 -112
   888	-59 -111
   889	-59 -110
   890	-59 -109
   891	-58 -109
   892	-57 -109
   893	-56 -109
   894	-55 -109
   895	-54 -109
   896	-54 -108
   897	-53 -108
   898	-52 -108
   899	-51 -108
   900	-50 -108
   901	-49 -108
   902	-49 -107
   903	-49 -106
   904	-50 -106
   905	-50 -107
   906	-50 -108
   907	-50 -109
   908	-50 -110
   909	-50 -111
   910	-49 -111
   911	-48 -111
   912	-48 -110
   913	-48 -109
   914	-48 -108
   915	-48 -107
   916	-48 -106
   917	-49 -106
   918	-50 -106
   919	-50 -107
   920	-50 -108
   921	-50 -109
   922	-50 -110
   923	-49 -110
   924	-48 -110
   925	-48 -111
   926	-48 -112
   927	-48 -113
