   116	0 -14
     1	1 0
   703	-100 -125
   718	-100 -126
   680	-100 -138
   216	-100 -14
   671	-100 -143
   640	-100 -146
   662	-100 -148
   647	-100 -151
   651	-100 -153
   445	-100 39
    23	10 -1
    74	10 -10
   715	-101 -124
   704	-101 -125
   716	-101 -125
   717	-101 -126
   679	-101 -138
   217	-101 -14
   672	-101 -143
   641	-101 -146
   642	-101 -147
   643	-101 -148
   661	-101 -148
   644	-101 -149
   645	-101 -150
   646	-101 -151
   652	-101 -153
   104	10 -12
   105	10 -13
   443	-101 38
   444	-101 39
   126	-10 -14
   714	-102 -124
   705	-102 -125
   713	-102 -125
   712	-102 -126
   711	-102 -127
   710	-102 -128
   678	-102 -138
   677	-102 -139
   218	-102 -14
   676	-102 -140
   675	-102 -141
   674	-102 -142
   673	-102 -143
   660	-102 -148
   653	-102 -153
   442	-102 38
    83	10 -3
   706	-103 -125
   707	-103 -126
   708	-103 -127
   709	-103 -128
   219	-103 -14
   659	-103 -148
   658	-103 -149
   657	-103 -150
   656	-103 -151
   655	-103 -152
   654	-103 -153
   441	-103 38
    82	10 -4
   220	-104 -14
   440	-104 38
    81	10 -5
   221	-105 -14
   439	-105 38
    80	10 -6
   222	-106 -14
   438	-106 38
    79	10 -7
   223	-107 -14
   437	-107 38
   224	-108 -14
   436	-108 38
   225	-109 -14
   435	-109 38
   226	-110 -14
   434	-110 38
    24	11 -1
    73	11 -10
    72	11 -11
   227	-111 -14
    71	11 -12
    70	11 -13
   433	-111 38
   127	-11 -14
    25	11 -2
   228	-112 -14
   432	-112 38
    26	11 -3
   229	-113 -14
   431	-113 38
   117	-1 -14
   115	1 -14
    27	11 -4
   230	-114 -14
   430	-114 38
   231	-115 -14
   429	-115 38
   232	-116 -14
   428	-116 38
   233	-117 -14
   427	-117 38
   234	-118 -14
   426	-118 38
   235	-119 -14
   425	-119 38
   236	-120 -14
   424	-120 38
   237	-121 -14
    69	12 -13
   423	-121 38
   128	-12 -14
    68	12 -14
    67	12 -15
    66	12 -16
    65	12 -17
    64	12 -18
   238	-122 -14
   422	-122 38
   239	-123 -14
   421	-123 38
    28	12 -4
   240	-124 -14
   420	-124 38
   241	-125 -14
   419	-125 38
   242	-126 -14
   418	-126 38
   243	-127 -14
   417	-127 38
   244	-128 -14
   416	-128 38
   245	-129 -14
   415	-129 38
   246	-130 -14
   414	-130 38
   247	-131 -14
   413	-131 38
   129	-13 -14
    59	13 -14
    60	13 -15
    61	13 -16
    62	13 -17
    63	13 -18
   248	-132 -14
   412	-132 38
   249	-133 -14
   411	-133 38
    29	13 -4
   250	-134 -14
   410	-134 38
   251	-135 -14
   409	-135 38
   252	-136 -14
   408	-136 38
   253	-137 -14
   407	-137 38
   254	-138 -14
   406	-138 38
   255	-139 -14
   405	-139 38
    34	14 0
   256	-140 -14
   404	-140 38
    33	14 -1
   257	-141 -14
   403	-141 38
   130	-14 -14
    58	14 -14
    32	14 -2
   258	-142 -14
   402	-142 38
    31	14 -3
   259	-143 -14
   401	-143 38
    30	14 -4
   260	-144 -14
   400	-144 38
   261	-145 -14
   399	-145 38
   262	-146 -14
   398	-146 38
   263	-147 -14
   397	-147 38
   264	-148 -14
   396	-148 38
   265	-149 -14
   395	-149 38
    35	15 0
   266	-150 -14
   394	-150 38
   267	-151 -14
   393	-151 38
   131	-15 -14
    57	15 -14
   268	-152 -14
   392	-152 38
   269	-153 -14
   391	-153 38
    45	15 -4
   270	-154 -14
   390	-154 38
    46	15 -5
   271	-155 -14
   389	-155 38
    47	15 -6
   272	-156 -14
   388	-156 38
    48	15 -7
   273	-157 -14
   387	-157 38
    49	15 -8
   274	-158 -14
   386	-158 38
    50	15 -9
   275	-159 -14
   385	-159 38
    36	16 0
   276	-160 -14
   384	-160 38
    52	16 -10
    53	16 -11
   277	-161 -14
    54	16 -12
    55	16 -13
   383	-161 38
   132	-16 -14
    56	16 -14
   278	-162 -14
   382	-162 38
   279	-163 -14
   381	-163 38
    44	16 -4
   280	-164 -14
   380	-164 38
   281	-165 -14
   379	-165 38
   282	-166 -14
   378	-166 38
   283	-167 -14
   377	-167 38
   284	-168 -14
   376	-168 38
    51	16 -9
   285	-169 -14
   375	-169 38
    37	17 0
   286	-170 -14
   374	-170 38
   287	-171 -14
   373	-171 38
   133	-17 -14
   288	-172 -14
   372	-172 38
   289	-173 -14
   371	-173 38
    43	17 -4
   290	-174 -14
   370	-174 38
   291	-175 -14
   369	-175 38
   292	-176 -14
   368	-176 38
   293	-177 -14
   367	-177 38
   294	-178 -14
   366	-178 38
   295	-179 -14
   365	-179 38
    38	18 0
   296	-180 -14
   361	-180 35
   362	-180 36
   363	-180 37
   364	-180 38
    39	18 -1
   297	-181 -14
   360	-181 35
   134	-18 -14
    40	18 -2
   298	-182 -14
   359	-182 35
    41	18 -3
   299	-183 -14
   300	-183 -15
   301	-183 -16
   302	-183 -17
   358	-183 35
    42	18 -4
   303	-184 -17
   357	-184 35
   321	-185 0
   322	-185 1
   320	-185 -1
   331	-185 10
   311	-185 -10
   332	-185 11
   310	-185 -11
   333	-185 12
   309	-185 -12
   334	-185 13
   308	-185 -13
   335	-185 14
   307	-185 -14
   336	-185 15
   306	-185 -15
   337	-185 16
   305	-185 -16
   338	-185 17
   304	-185 -17
   339	-185 18
   340	-185 19
   323	-185 2
   319	-185 -2
   341	-185 20
   342	-185 21
   343	-185 22
   344	-185 23
   345	-185 24
   346	-185 25
   347	-185 26
   348	-185 27
   349	-185 28
   350	-185 29
   324	-185 3
   318	-185 -3
   351	-185 30
   352	-185 31
   353	-185 32
   354	-185 33
   355	-185 34
   356	-185 35
   325	-185 4
   317	-185 -4
   326	-185 5
   316	-185 -5
   327	-185 6
   315	-185 -6
   328	-185 7
   314	-185 -7
   329	-185 8
   313	-185 -8
   330	-185 9
   312	-185 -9
   135	-19 -14
     2	2 0
   136	-20 -14
   137	-21 -14
   118	-2 -14
   114	2 -14
   138	-22 -14
   139	-23 -14
   140	-24 -14
   141	-25 -14
   142	-26 -14
   143	-27 -14
   144	-28 -14
   145	-29 -14
     3	3 0
   146	-30 -14
   147	-31 -14
   119	-3 -14
   113	3 -14
   148	-32 -14
   149	-33 -14
   150	-34 -14
   151	-35 -14
   152	-36 -14
   153	-37 -14
   154	-38 -14
   155	-39 -14
     4	4 0
   156	-40 -14
     5	4 -1
   157	-41 -14
   120	-4 -14
   112	4 -14
   158	-42 -14
   159	-43 -14
   160	-44 -14
   161	-45 -14
   162	-46 -14
   163	-47 -14
   916	-48 -106
   915	-48 -107
   914	-48 -108
   913	-48 -109
   912	-48 -110
   924	-48 -110
   911	-48 -111
   925	-48 -111
   926	-48 -112
   927	-48 -113
   164	-48 -14
   903	-49 -106
   917	-49 -106
   902	-49 -107
   901	-49 -108
   923	-49 -110
   910	-49 -111
   165	-49 -14
   904	-50 -106
   918	-50 -106
   905	-50 -107
   919	-50 -107
   900	-50 -108
   906	-50 -108
   920	-50 -108
   907	-50 -109
   921	-50 -109
   908	-50 -110
   922	-50 -110
   909	-50 -111
   166	-50 -14
     6	5 -1
    97	5 -10
    98	5 -11
   899	-51 -108
   167	-51 -14
    99	5 -12
   110	5 -13
   121	-5 -14
   111	5 -14
   898	-52 -108
   168	-52 -14
   897	-53 -108
   169	-53 -14
   896	-54 -108
   895	-54 -109
   170	-54 -14
   894	-55 -109
   171	-55 -14
   893	-56 -109
   172	-56 -14
   892	-57 -109
   173	-57 -14
   891	-58 -109
   174	-58 -14
    96	5 -9
   890	-59 -109
   889	-59 -110
   888	-59 -111
   887	-59 -112
   886	-59 -113
   175	-59 -14
   885	-60 -113
   884	-60 -114
   883	-60 -115
   176	-60 -14
     7	6 -1
   882	-61 -115
   177	-61 -14
   100	6 -12
   109	6 -13
   122	-6 -14
     8	6 -2
   881	-62 -115
   178	-62 -14
   880	-63 -115
   879	-63 -116
   878	-63 -117
   877	-63 -118
   179	-63 -14
   876	-64 -118
   180	-64 -14
   872	-65 -115
   873	-65 -116
   874	-65 -117
   875	-65 -118
   181	-65 -14
   871	-66 -115
   182	-66 -14
   870	-67 -115
   183	-67 -14
   869	-68 -115
   184	-68 -14
    95	6 -9
   868	-69 -115
   867	-69 -116
   185	-69 -14
   866	-70 -116
   865	-70 -117
   864	-70 -118
   186	-70 -14
    10	7 -1
   863	-71 -118
   187	-71 -14
   101	7 -12
   108	7 -13
   123	-7 -14
     9	7 -2
   862	-72 -118
   861	-72 -119
   860	-72 -120
   859	-72 -121
   858	-72 -122
   188	-72 -14
   857	-73 -122
   856	-73 -123
   855	-73 -124
   854	-73 -125
   189	-73 -14
   853	-74 -125
   190	-74 -14
   852	-75 -125
   191	-75 -14
   817	-76 -113
   818	-76 -114
   846	-76 -120
   847	-76 -121
   848	-76 -122
   849	-76 -123
   850	-76 -124
   851	-76 -125
   192	-76 -14
    92	7 -7
   816	-77 -113
   819	-77 -114
   841	-77 -116
   842	-77 -117
   843	-77 -118
   844	-77 -119
   845	-77 -120
   783	-77 -124
   784	-77 -125
   193	-77 -14
    93	7 -8
   815	-78 -113
   814	-78 -114
   820	-78 -114
   813	-78 -115
   840	-78 -116
   782	-78 -124
   785	-78 -125
   194	-78 -14
    94	7 -9
   821	-79 -114
   812	-79 -115
   822	-79 -115
   823	-79 -116
   839	-79 -116
   824	-79 -117
   838	-79 -117
   825	-79 -118
   826	-79 -119
   795	-79 -120
   796	-79 -121
   797	-79 -122
   761	-79 -124
   781	-79 -124
   762	-79 -125
   786	-79 -125
   195	-79 -14
    12	8 0
   811	-80 -115
   837	-80 -117
   827	-80 -119
   794	-80 -120
   798	-80 -122
   760	-80 -124
   780	-80 -124
   763	-80 -125
   787	-80 -125
   196	-80 -14
    13	8 1
    11	8 -1
   810	-81 -115
   836	-81 -117
   828	-81 -119
   793	-81 -120
   792	-81 -121
   791	-81 -122
   799	-81 -122
   790	-81 -123
   759	-81 -124
   779	-81 -124
   789	-81 -124
   764	-81 -125
   788	-81 -125
   197	-81 -14
   102	8 -12
   107	8 -13
   124	-8 -14
    14	8 2
    86	8 -2
   809	-82 -115
   808	-82 -116
   807	-82 -117
   835	-82 -117
   806	-82 -118
   829	-82 -119
   800	-82 -122
   767	-82 -123
   758	-82 -124
   766	-82 -124
   778	-82 -124
   765	-82 -125
   777	-82 -125
   776	-82 -126
   775	-82 -127
   198	-82 -14
    15	8 3
    87	8 -3
   834	-83 -117
   805	-83 -118
   804	-83 -119
   830	-83 -119
   803	-83 -120
   802	-83 -121
   801	-83 -122
   768	-83 -123
   757	-83 -124
   772	-83 -125
   773	-83 -126
   774	-83 -127
   199	-83 -14
    16	8 4
    88	8 -4
   833	-84 -117
   832	-84 -118
   831	-84 -119
   769	-84 -123
   756	-84 -124
   770	-84 -124
   755	-84 -125
   771	-84 -125
   754	-84 -126
   753	-84 -127
   752	-84 -128
   200	-84 -14
    89	8 -5
   745	-85 -128
   751	-85 -128
   746	-85 -129
   747	-85 -130
   201	-85 -14
    90	8 -6
   744	-86 -128
   750	-86 -128
   749	-86 -129
   748	-86 -130
   202	-86 -14
    91	8 -7
   743	-87 -128
   203	-87 -14
   741	-88 -127
   742	-88 -128
   204	-88 -14
   740	-89 -127
   739	-89 -128
   738	-89 -129
   737	-89 -130
   736	-89 -131
   735	-89 -132
   205	-89 -14
    21	9 0
   734	-90 -132
   206	-90 -14
    20	9 1
    22	9 -1
    75	9 -10
   733	-91 -132
   207	-91 -14
   103	9 -12
   106	9 -13
   125	-9 -14
    19	9 2
    85	9 -2
   729	-92 -129
   730	-92 -130
   731	-92 -131
   732	-92 -132
   208	-92 -14
    18	9 3
    84	9 -3
   728	-93 -129
   209	-93 -14
    17	9 4
   727	-94 -129
   210	-94 -14
   726	-95 -129
   693	-95 -130
   692	-95 -131
   691	-95 -132
   690	-95 -133
   689	-95 -134
   211	-95 -14
   488	-96 0
   487	-96 1
   489	-96 -1
   478	-96 10
   498	-96 -10
   588	-96 -100
   589	-96 -101
   590	-96 -102
   591	-96 -103
   592	-96 -104
   593	-96 -105
   594	-96 -106
   595	-96 -107
   596	-96 -108
   597	-96 -109
   477	-96 11
   499	-96 -11
   598	-96 -110
   599	-96 -111
   600	-96 -112
   601	-96 -113
   602	-96 -114
   603	-96 -115
   604	-96 -116
   605	-96 -117
   606	-96 -118
   607	-96 -119
   476	-96 12
   500	-96 -12
   608	-96 -120
   609	-96 -121
   610	-96 -122
   611	-96 -123
   612	-96 -124
   613	-96 -125
   614	-96 -126
   722	-96 -126
   615	-96 -127
   723	-96 -127
   616	-96 -128
   724	-96 -128
   617	-96 -129
   725	-96 -129
   475	-96 13
   501	-96 -13
   618	-96 -130
   694	-96 -130
   619	-96 -131
   620	-96 -132
   621	-96 -133
   622	-96 -134
   688	-96 -134
   623	-96 -135
   624	-96 -136
   625	-96 -137
   626	-96 -138
   627	-96 -139
   474	-96 14
   212	-96 -14
   502	-96 -14
   628	-96 -140
   629	-96 -141
   630	-96 -142
   631	-96 -143
   632	-96 -144
   633	-96 -145
   634	-96 -146
   635	-96 -147
   473	-96 15
   503	-96 -15
   472	-96 16
   504	-96 -16
   471	-96 17
   505	-96 -17
   470	-96 18
   506	-96 -18
   469	-96 19
   507	-96 -19
   486	-96 2
   490	-96 -2
   468	-96 20
   508	-96 -20
   467	-96 21
   509	-96 -21
   466	-96 22
   510	-96 -22
   465	-96 23
   511	-96 -23
   464	-96 24
   512	-96 -24
   463	-96 25
   513	-96 -25
   462	-96 26
   514	-96 -26
   461	-96 27
   515	-96 -27
   460	-96 28
   516	-96 -28
   459	-96 29
   517	-96 -29
   485	-96 3
   491	-96 -3
   458	-96 30
   518	-96 -30
   457	-96 31
   519	-96 -31
   456	-96 32
   520	-96 -32
   455	-96 33
   521	-96 -33
   454	-96 34
   522	-96 -34
   453	-96 35
   523	-96 -35
   452	-96 36
   524	-96 -36
   451	-96 37
   525	-96 -37
   450	-96 38
   526	-96 -38
   449	-96 39
   527	-96 -39
   484	-96 4
   492	-96 -4
   528	-96 -40
   529	-96 -41
   530	-96 -42
   531	-96 -43
   532	-96 -44
   533	-96 -45
   534	-96 -46
   535	-96 -47
   536	-96 -48
   537	-96 -49
   483	-96 5
   493	-96 -5
   538	-96 -50
   539	-96 -51
   540	-96 -52
   541	-96 -53
   542	-96 -54
   543	-96 -55
   544	-96 -56
   545	-96 -57
   546	-96 -58
   547	-96 -59
   482	-96 6
   494	-96 -6
   548	-96 -60
   549	-96 -61
   550	-96 -62
   551	-96 -63
   552	-96 -64
   553	-96 -65
   554	-96 -66
   555	-96 -67
   556	-96 -68
   557	-96 -69
   481	-96 7
   495	-96 -7
   558	-96 -70
   559	-96 -71
   560	-96 -72
   561	-96 -73
   562	-96 -74
   563	-96 -75
   564	-96 -76
   565	-96 -77
   566	-96 -78
   567	-96 -79
   480	-96 8
   496	-96 -8
   568	-96 -80
   569	-96 -81
   570	-96 -82
   571	-96 -83
   572	-96 -84
   573	-96 -85
   574	-96 -86
   575	-96 -87
   576	-96 -88
   577	-96 -89
   479	-96 9
   497	-96 -9
   578	-96 -90
   579	-96 -91
   580	-96 -92
   581	-96 -93
   582	-96 -94
   583	-96 -95
   584	-96 -96
   585	-96 -97
   586	-96 -98
   587	-96 -99
    78	9 -7
   721	-97 -126
   695	-97 -130
   687	-97 -134
   213	-97 -14
   636	-97 -147
   448	-97 39
    77	9 -8
   720	-98 -126
   696	-98 -130
   686	-98 -134
   214	-98 -14
   669	-98 -143
   668	-98 -144
   667	-98 -145
   638	-98 -146
   666	-98 -146
   637	-98 -147
   665	-98 -147
   664	-98 -148
   447	-98 39
    76	9 -9
   702	-99 -125
   701	-99 -126
   719	-99 -126
   700	-99 -127
   699	-99 -128
   698	-99 -129
   697	-99 -130
   685	-99 -134
   684	-99 -135
   683	-99 -136
   682	-99 -137
   681	-99 -138
   215	-99 -14
   670	-99 -143
   639	-99 -146
   663	-99 -148
   648	-99 -151
   649	-99 -152
   650	-99 -153
   446	-99 39
